idpedido;idproducto;precio;descuento;unidades
10248;11;14,0;0,0;12
10248;42;9,8;0,0;10
10248;72;34,8;0,0;5
10249;14;18,6;0,0;9
10249;51;42,4;0,0;40
10250;41;7,7;0,0;10
10250;51;42,4;0,15;35
10250;65;16,8;0,15;15
10251;22;16,8;0,05;6
10251;57;15,6;0,05;15
10251;65;16,8;0,0;20
10252;20;64,8;0,05;40
10252;33;2,0;0,05;25
10252;60;27,2;0,0;40
10253;31;10,0;0,0;20
10253;39;14,4;0,0;42
10253;49;16,0;0,0;40
10254;24;3,6;0,15;15
10254;55;19,2;0,15;21
10254;74;8,0;0,0;21
10255;2;15,2;0,0;20
10255;16;13,9;0,0;35
10255;36;15,2;0,0;25
10255;59;44,0;0,0;30
10256;53;26,2;0,0;15
10256;77;10,4;0,0;12
10257;27;35,1;0,0;25
10257;39;14,4;0,0;6
10257;77;10,4;0,0;15
10258;2;15,2;0,2;50
10258;5;17,0;0,2;65
10258;32;25,6;0,2;6
10259;21;8,0;0,0;10
10259;37;20,8;0,0;1
10260;41;7,7;0,25;16
10260;57;15,6;0,0;50
10260;62;39,4;0,25;15
10260;70;12,0;0,25;21
10261;21;8,0;0,0;20
10261;35;14,4;0,0;20
10262;5;17,0;0,2;12
10262;7;24,0;0,0;15
10262;56;30,4;0,0;2
10263;16;13,9;0,25;60
10263;24;3,6;0,0;28
10263;30;20,7;0,25;60
10263;74;8,0;0,25;36
10264;2;15,2;0,0;35
10264;41;7,7;0,15;25
10265;17;31,2;0,0;30
10265;70;12,0;0,0;20
10266;12;30,4;0,05;12
10267;40;14,7;0,0;50
10267;59;44,0;0,15;70
10267;76;14,4;0,15;15
10268;29;99,0;0,0;10
10268;72;27,8;0,0;4
10269;33;2,0;0,05;60
10269;72;27,8;0,05;20
10270;36;15,2;0,0;30
10270;43;36,8;0,0;25
10271;33;2,0;0,0;24
10272;20;64,8;0,0;6
10272;31;10,0;0,0;40
10272;72;27,8;0,0;24
10273;10;24,8;0,05;24
10273;31;10,0;0,05;15
10273;33;2,0;0,0;20
10273;40;14,7;0,05;60
10273;76;14,4;0,05;33
10274;71;17,2;0,0;20
10274;72;27,8;0,0;7
10275;24;3,6;0,05;12
10275;59;44,0;0,05;6
10276;10;24,8;0,0;15
10276;13;4,8;0,0;10
10277;28;36,4;0,0;20
10277;62;39,4;0,0;12
10278;44;15,5;0,0;16
10278;59;44,0;0,0;15
10278;63;35,1;0,0;8
10278;73;12,0;0,0;25
10279;17;31,2;0,25;15
10280;24;3,6;0,0;12
10280;55;19,2;0,0;20
10280;75;6,2;0,0;30
10281;19;7,3;0,0;1
10281;24;3,6;0,0;6
10281;35;14,4;0,0;4
10282;30;20,7;0,0;6
10282;57;15,6;0,0;2
10283;15;12,4;0,0;20
10283;19;7,3;0,0;18
10283;60;27,2;0,0;35
10283;72;27,8;0,0;3
10284;27;35,1;0,25;15
10284;44;15,5;0,0;21
10284;60;27,2;0,25;20
10284;67;11,2;0,25;5
10285;1;14,4;0,2;45
10285;40;14,7;0,2;40
10285;53;26,2;0,2;36
10286;35;14,4;0,0;100
10286;62;39,4;0,0;40
10287;16;13,9;0,15;40
10287;34;11,2;0,0;20
10287;46;9,6;0,15;15
10288;54;5,9;0,1;10
10288;68;10,0;0,1;3
10289;3;8,0;0,0;30
10289;64;26,6;0,0;9
10290;5;17,0;0,0;20
10290;29;99,0;0,0;15
10290;49;16,0;0,0;15
10290;77;10,4;0,0;10
10291;13;4,8;0,1;20
10291;44;15,5;0,1;24
10291;51;42,4;0,1;2
10292;20;64,8;0,0;20
10293;18;50,0;0,0;12
10293;24;3,6;0,0;10
10293;63;35,1;0,0;5
10293;75;6,2;0,0;6
10294;1;14,4;0,0;18
10294;17;31,2;0,0;15
10294;43;36,8;0,0;15
10294;60;27,2;0,0;21
10294;75;6,2;0,0;6
10295;56;30,4;0,0;4
10296;11;16,8;0,0;12
10296;16;13,9;0,0;30
10296;69;28,8;0,0;15
10297;39;14,4;0,0;60
10297;72;27,8;0,0;20
10298;2;15,2;0,0;40
10298;36;15,2;0,25;40
10298;59;44,0;0,25;30
10298;62;39,4;0,0;15
10299;19;7,3;0,0;15
10299;70;12,0;0,0;20
10300;66;13,6;0,0;30
10300;68;10,0;0,0;20
10301;40;14,7;0,0;10
10301;56;30,4;0,0;20
10302;17;31,2;0,0;40
10302;28;36,4;0,0;28
10302;43;36,8;0,0;12
10303;40;14,7;0,1;40
10303;65;16,8;0,1;30
10303;68;10,0;0,1;15
10304;49;16,0;0,0;30
10304;59;44,0;0,0;10
10304;71;17,2;0,0;2
10305;18;50,0;0,1;25
10305;29;99,0;0,1;25
10305;39;14,4;0,1;30
10306;30;20,7;0,0;10
10306;53;26,2;0,0;10
10306;54;5,9;0,0;5
10307;62;39,4;0,0;10
10307;68;10,0;0,0;3
10308;69;28,8;0,0;1
10308;70;12,0;0,0;5
10309;4;17,6;0,0;20
10309;6;20,0;0,0;30
10309;42;11,2;0,0;2
10309;43;36,8;0,0;20
10309;71;17,2;0,0;3
10310;16;13,9;0,0;10
10310;62;39,4;0,0;5
10311;42;11,2;0,0;6
10311;69;28,8;0,0;7
10312;28;36,4;0,0;4
10312;43;36,8;0,0;24
10312;53;26,2;0,0;20
10312;75;6,2;0,0;10
10313;36;15,2;0,0;12
10314;32;25,6;0,1;40
10314;58;10,6;0,1;30
10314;62;39,4;0,1;25
10315;34;11,2;0,0;14
10315;70;12,0;0,0;30
10316;41;7,7;0,0;10
10316;62;39,4;0,0;70
10317;1;14,4;0,0;20
10318;41;7,7;0,0;20
10318;76;14,4;0,0;6
10319;17;31,2;0,0;8
10319;28;36,4;0,0;14
10319;76;14,4;0,0;30
10320;71;17,2;0,0;30
10321;35;14,4;0,0;10
10322;52;5,6;0,0;20
10323;15;12,4;0,0;5
10323;25;11,2;0,0;4
10323;39;14,4;0,0;4
10324;16;13,9;0,15;21
10324;35;14,4;0,15;70
10324;46;9,6;0,0;30
10324;59;44,0;0,15;40
10324;63;35,1;0,15;80
10325;6;20,0;0,0;6
10325;13;4,8;0,0;12
10325;14;18,6;0,0;9
10325;31;10,0;0,0;4
10325;72;27,8;0,0;40
10326;4;17,6;0,0;24
10326;57;15,6;0,0;16
10326;75;6,2;0,0;50
10327;2;15,2;0,2;25
10327;11;16,8;0,2;50
10327;30;20,7;0,2;35
10327;58;10,6;0,2;30
10328;59;44,0;0,0;9
10328;65;16,8;0,0;40
10328;68;10,0;0,0;10
10329;19;7,3;0,05;10
10329;30;20,7;0,05;8
10329;38;210,8;0,05;20
10329;56;30,4;0,05;12
10330;26;24,9;0,15;50
10330;72;27,8;0,15;25
10331;54;5,9;0,0;15
10332;18;50,0;0,2;40
10332;42;11,2;0,2;10
10332;47;7,6;0,2;16
10333;14;18,6;0,0;10
10333;21;8,0;0,1;10
10333;71;17,2;0,1;40
10334;52;5,6;0,0;8
10334;68;10,0;0,0;10
10335;2;15,2;0,2;7
10335;31;10,0;0,2;25
10335;32;25,6;0,2;6
10335;51;42,4;0,2;48
10336;4;17,6;0,1;18
10337;23;7,2;0,0;40
10337;26;24,9;0,0;24
10337;36;15,2;0,0;20
10337;37;20,8;0,0;28
10337;72;27,8;0,0;25
10338;17;31,2;0,0;20
10338;30;20,7;0,0;15
10339;4;17,6;0,0;10
10339;17;31,2;0,05;70
10339;62;39,4;0,0;28
10340;18;50,0;0,05;20
10340;41;7,7;0,05;12
10340;43;36,8;0,05;40
10341;33;2,0;0,0;8
10341;59;44,0;0,15;9
10342;2;15,2;0,2;24
10342;31;10,0;0,2;56
10342;36;15,2;0,2;40
10342;55;19,2;0,2;40
10343;64;26,6;0,0;50
10343;68;10,0;0,05;4
10343;76;14,4;0,0;15
10344;4;17,6;0,0;35
10344;8;32,0;0,25;70
10345;8;32,0;0,0;70
10345;19;7,3;0,0;80
10345;42;11,2;0,0;9
10346;17;31,2;0,1;36
10346;56;30,4;0,0;20
10347;25;11,2;0,0;10
10347;39;14,4;0,15;50
10347;40;14,7;0,0;4
10347;75;6,2;0,15;6
10348;1;14,4;0,15;15
10348;23;7,2;0,0;25
10349;54;5,9;0,0;24
10350;50;13,0;0,1;15
10350;69;28,8;0,1;18
10351;38;210,8;0,05;20
10351;41;7,7;0,0;13
10351;44;15,5;0,05;77
10351;65;16,8;0,05;10
10352;24;3,6;0,0;10
10352;54;5,9;0,15;20
10353;11;16,8;0,2;12
10353;38;210,8;0,2;50
10354;1;14,4;0,0;12
10354;29;99,0;0,0;4
10355;24;3,6;0,0;25
10355;57;15,6;0,0;25
10356;31;10,0;0,0;30
10356;55;19,2;0,0;12
10356;69;28,8;0,0;20
10357;10;24,8;0,2;30
10357;26;24,9;0,0;16
10357;60;27,2;0,2;8
10358;24;3,6;0,05;10
10358;34;11,2;0,05;10
10358;36;15,2;0,05;20
10359;16;13,9;0,05;56
10359;31;10,0;0,05;70
10359;60;27,2;0,05;80
10360;28;36,4;0,0;30
10360;29;99,0;0,0;35
10360;38;210,8;0,0;10
10360;49;16,0;0,0;35
10360;54;5,9;0,0;28
10361;39;14,4;0,1;54
10361;60;27,2;0,1;55
10362;25;11,2;0,0;50
10362;51;42,4;0,0;20
10362;54;5,9;0,0;24
10363;31;10,0;0,0;20
10363;75;6,2;0,0;12
10363;76;14,4;0,0;12
10364;69;28,8;0,0;30
10364;71;17,2;0,0;5
10365;11;16,8;0,0;24
10366;65;16,8;0,0;5
10366;77;10,4;0,0;5
10367;34;11,2;0,0;36
10367;54;5,9;0,0;18
10367;65;16,8;0,0;15
10367;77;10,4;0,0;7
10368;21;8,0;0,1;5
10368;28;36,4;0,1;13
10368;57;15,6;0,0;25
10368;64;26,6;0,1;35
10369;29;99,0;0,0;20
10369;56;30,4;0,25;18
10370;1;14,4;0,15;15
10370;64;26,6;0,0;30
10370;74;8,0;0,15;20
10371;36;15,2;0,2;6
10372;20;64,8;0,25;12
10372;38;210,8;0,25;40
10372;60;27,2;0,25;70
10372;72;27,8;0,25;42
10373;58;10,6;0,2;80
10373;71;17,2;0,2;50
10374;31;10,0;0,0;30
10374;58;10,6;0,0;15
10375;14;18,6;0,0;15
10375;54;5,9;0,0;10
10376;31;10,0;0,05;42
10377;28;36,4;0,15;20
10377;39;14,4;0,15;20
10378;71;17,2;0,0;6
10379;41;7,7;0,1;8
10379;63;35,1;0,1;16
10379;65;16,8;0,1;20
10380;30;20,7;0,1;18
10380;53;26,2;0,1;20
10380;60;27,2;0,1;6
10380;70;12,0;0,0;30
10381;74;8,0;0,0;14
10382;5;17,0;0,0;32
10382;18;50,0;0,0;9
10382;29;99,0;0,0;14
10382;33;2,0;0,0;60
10382;74;8,0;0,0;50
10383;13;4,8;0,0;20
10383;50;13,0;0,0;15
10383;56;30,4;0,0;20
10384;20;64,8;0,0;28
10384;60;27,2;0,0;15
10385;7;24,0;0,2;10
10385;60;27,2;0,2;20
10385;68;10,0;0,2;8
10386;24;3,6;0,0;15
10386;34;11,2;0,0;10
10387;24;3,6;0,0;15
10387;28;36,4;0,0;6
10387;59;44,0;0,0;12
10387;71;17,2;0,0;15
10388;45;7,6;0,2;15
10388;52;5,6;0,2;20
10388;53;26,2;0,0;40
10389;10;24,8;0,0;16
10389;55;19,2;0,0;15
10389;62;39,4;0,0;20
10389;70;12,0;0,0;30
10390;31;10,0;0,1;60
10390;35;14,4;0,1;40
10390;46;9,6;0,0;45
10390;72;27,8;0,1;24
10391;13;4,8;0,0;18
10392;69;28,8;0,0;50
10393;2;15,2;0,25;25
10393;14;18,6;0,25;42
10393;25;11,2;0,25;7
10393;26;24,9;0,25;70
10393;31;10,0;0,0;32
10394;13;4,8;0,0;10
10394;62;39,4;0,0;10
10395;46;9,6;0,1;28
10395;53;26,2;0,1;70
10395;69;28,8;0,0;8
10396;23;7,2;0,0;40
10396;71;17,2;0,0;60
10396;72;27,8;0,0;21
10397;21;8,0;0,15;10
10397;51;42,4;0,15;18
10398;35;14,4;0,0;30
10398;55;19,2;0,1;120
10399;68;10,0;0,0;60
10399;71;17,2;0,0;30
10399;76;14,4;0,0;35
10399;77;10,4;0,0;14
10400;29;99,0;0,0;21
10400;35;14,4;0,0;35
10400;49;16,0;0,0;30
10401;30;20,7;0,0;18
10401;56;30,4;0,0;70
10401;65;16,8;0,0;20
10401;71;17,2;0,0;60
10402;23;7,2;0,0;60
10402;63;35,1;0,0;65
10403;16;13,9;0,15;21
10403;48;10,2;0,15;70
10404;26;24,9;0,05;30
10404;42;11,2;0,05;40
10404;49;16,0;0,05;30
10405;3;8,0;0,0;50
10406;1;14,4;0,0;10
10406;21;8,0;0,1;30
10406;28;36,4;0,1;42
10406;36;15,2;0,1;5
10406;40;14,7;0,1;2
10407;11;16,8;0,0;30
10407;69;28,8;0,0;15
10407;71;17,2;0,0;15
10408;37;20,8;0,0;10
10408;54;5,9;0,0;6
10408;62;39,4;0,0;35
10409;14;18,6;0,0;12
10409;21;8,0;0,0;12
10410;33;2,0;0,0;49
10410;59;44,0;0,0;16
10411;41;7,7;0,2;25
10411;44;15,5;0,2;40
10411;59;44,0;0,2;9
10412;14;18,6;0,1;20
10413;1;14,4;0,0;24
10413;62;39,4;0,0;40
10413;76;14,4;0,0;14
10414;19;7,3;0,05;18
10414;33;2,0;0,0;50
10415;17;31,2;0,0;2
10415;33;2,0;0,0;20
10416;19;7,3;0,0;20
10416;53;26,2;0,0;10
10416;57;15,6;0,0;20
10417;38;210,8;0,0;50
10417;46;9,6;0,25;2
10417;68;10,0;0,25;36
10417;77;10,4;0,0;35
10418;2;15,2;0,0;60
10418;47;7,6;0,0;55
10418;61;22,8;0,0;16
10418;74;8,0;0,0;15
10419;60;27,2;0,05;60
10419;69;28,8;0,05;20
10420;9;77,6;0,1;20
10420;13;4,8;0,1;2
10420;70;12,0;0,1;8
10420;73;12,0;0,1;20
10421;19;7,3;0,15;4
10421;26;24,9;0,0;30
10421;53;26,2;0,15;15
10421;77;10,4;0,15;10
10422;26;24,9;0,0;2
10423;31;10,0;0,0;14
10423;59;44,0;0,0;20
10424;35;14,4;0,2;60
10424;38;210,8;0,2;49
10424;68;10,0;0,2;30
10425;55;19,2;0,25;10
10425;76;14,4;0,25;20
10426;56;30,4;0,0;5
10426;64;26,6;0,0;7
10427;14;18,6;0,0;35
10428;46;9,6;0,0;20
10429;50;13,0;0,0;40
10429;63;35,1;0,25;35
10430;17;31,2;0,2;45
10430;21;8,0;0,0;50
10430;56;30,4;0,0;30
10430;59;44,0;0,2;70
10431;17;31,2;0,25;50
10431;40;14,7;0,25;50
10431;47;7,6;0,25;30
10432;26;24,9;0,0;10
10432;54;5,9;0,0;40
10433;56;30,4;0,0;28
10434;11;16,8;0,0;6
10434;76;14,4;0,15;18
10435;2;15,2;0,0;10
10435;22;16,8;0,0;12
10435;72;27,8;0,0;10
10436;46;9,6;0,0;5
10436;56;30,4;0,1;40
10436;64;26,6;0,1;30
10436;75;6,2;0,1;24
10437;53;26,2;0,0;15
10438;19;7,3;0,2;15
10438;34;11,2;0,2;20
10438;57;15,6;0,2;15
10439;12;30,4;0,0;15
10439;16;13,9;0,0;16
10439;64;26,6;0,0;6
10439;74;8,0;0,0;30
10440;2;15,2;0,15;45
10440;16;13,9;0,15;49
10440;29;99,0;0,15;24
10440;61;22,8;0,15;90
10441;27;35,1;0,0;50
10442;11;16,8;0,0;30
10442;54;5,9;0,0;80
10442;66;13,6;0,0;60
10443;11;16,8;0,2;6
10443;28;36,4;0,0;12
10444;17;31,2;0,0;10
10444;26;24,9;0,0;15
10444;35;14,4;0,0;8
10444;41;7,7;0,0;30
10445;39;14,4;0,0;6
10445;54;5,9;0,0;15
10446;19;7,3;0,1;12
10446;24;3,6;0,1;20
10446;31;10,0;0,1;3
10446;52;5,6;0,1;15
10447;19;7,3;0,0;40
10447;65;16,8;0,0;35
10447;71;17,2;0,0;2
10448;26;24,9;0,0;6
10448;40;14,7;0,0;20
10449;10;24,8;0,0;14
10449;52;5,6;0,0;20
10449;62;39,4;0,0;35
10450;10;24,8;0,2;20
10450;54;5,9;0,2;6
10451;55;19,2;0,1;120
10451;64;26,6;0,1;35
10451;65;16,8;0,1;28
10451;77;10,4;0,1;55
10452;28;36,4;0,0;15
10452;44;15,5;0,05;100
10453;48;10,2;0,1;15
10453;70;12,0;0,1;25
10454;16;13,9;0,2;20
10454;33;2,0;0,2;20
10454;46;9,6;0,2;10
10455;39;14,4;0,0;20
10455;53;26,2;0,0;50
10455;61;22,8;0,0;25
10455;71;17,2;0,0;30
10456;21;8,0;0,15;40
10456;49;16,0;0,15;21
10457;59;44,0;0,0;36
10458;26;24,9;0,0;30
10458;28;36,4;0,0;30
10458;43;36,8;0,0;20
10458;56;30,4;0,0;15
10458;71;17,2;0,0;50
10459;7;24,0;0,05;16
10459;46;9,6;0,05;20
10459;72;27,8;0,0;40
10460;68;10,0;0,25;21
10460;75;6,2;0,25;4
10461;21;8,0;0,25;40
10461;30;20,7;0,25;28
10461;55;19,2;0,25;60
10462;13;4,8;0,0;1
10462;23;7,2;0,0;21
10463;19;7,3;0,0;21
10463;42;11,2;0,0;50
10464;4;17,6;0,2;16
10464;43;36,8;0,0;3
10464;56;30,4;0,2;30
10464;60;27,2;0,0;20
10465;24;3,6;0,0;25
10465;29;99,0;0,1;18
10465;40;14,7;0,0;20
10465;45;7,6;0,1;30
10465;50;13,0;0,0;25
10466;11;16,8;0,0;10
10466;46;9,6;0,0;5
10467;24;3,6;0,0;28
10467;25;11,2;0,0;12
10468;30;20,7;0,0;8
10468;43;36,8;0,0;15
10469;2;15,2;0,15;40
10469;16;13,9;0,15;35
10469;44;15,5;0,15;2
10470;18;50,0;0,0;30
10470;23;7,2;0,0;15
10470;64;26,6;0,0;8
10471;7;24,0;0,0;30
10471;56;30,4;0,0;20
10472;24;3,6;0,05;80
10472;51;42,4;0,0;18
10473;33;2,0;0,0;12
10473;71;17,2;0,0;12
10474;14;18,6;0,0;12
10474;28;36,4;0,0;18
10474;40;14,7;0,0;21
10474;75;6,2;0,0;10
10475;31;10,0;0,15;35
10475;66;13,6;0,15;60
10475;76;14,4;0,15;42
10476;55;19,2;0,05;2
10476;70;12,0;0,0;12
10477;1;14,4;0,0;15
10477;21;8,0;0,25;21
10477;39;14,4;0,25;20
10478;10;24,8;0,05;20
10479;38;210,8;0,0;30
10479;53;26,2;0,0;28
10479;59;44,0;0,0;60
10479;64;26,6;0,0;30
10480;47;7,6;0,0;30
10480;59;44,0;0,0;12
10481;49;16,0;0,0;24
10481;60;27,2;0,0;40
10482;40;14,7;0,0;10
10483;34;11,2;0,05;35
10483;77;10,4;0,05;30
10484;21;8,0;0,0;14
10484;40;14,7;0,0;10
10484;51;42,4;0,0;3
10485;2;15,2;0,1;20
10485;3;8,0;0,1;20
10485;55;19,2;0,1;30
10485;70;12,0;0,1;60
10486;11;16,8;0,0;5
10486;51;42,4;0,0;25
10486;74;8,0;0,0;16
10487;19;7,3;0,0;5
10487;26;24,9;0,0;30
10487;54;5,9;0,25;24
10488;59;44,0;0,0;30
10488;73;12,0;0,2;20
10489;11;16,8;0,25;15
10489;16;13,9;0,0;18
10490;59;44,0;0,0;60
10490;68;10,0;0,0;30
10490;75;6,2;0,0;36
10491;44;15,5;0,15;15
10491;77;10,4;0,15;7
10492;25;11,2;0,05;60
10492;42;11,2;0,05;20
10493;65;16,8;0,1;15
10493;66;13,6;0,1;10
10493;69;28,8;0,1;10
10494;56;30,4;0,0;30
10495;23;7,2;0,0;10
10495;41;7,7;0,0;20
10495;77;10,4;0,0;5
10496;31;10,0;0,05;20
10497;56;30,4;0,0;14
10497;72;27,8;0,0;25
10497;77;10,4;0,0;25
10498;24;4,5;0,0;14
10498;40;18,4;0,0;5
10498;42;14,0;0,0;30
10499;28;45,6;0,0;20
10499;49;20,0;0,0;25
10500;15;15,5;0,05;12
10500;28;45,6;0,05;8
10501;54;7,45;0,0;20
10502;45;9,5;0,0;21
10502;53;32,8;0,0;6
10502;67;14,0;0,0;30
10503;14;23,25;0,0;70
10503;65;21,05;0,0;20
10504;2;19,0;0,0;12
10504;21;10,0;0,0;12
10504;53;32,8;0,0;10
10504;61;28,5;0,0;25
10505;62;49,3;0,0;3
10506;25;14,0;0,1;18
10506;70;15,0;0,1;14
10507;43;46,0;0,15;15
10507;48;12,75;0,15;15
10508;13;6,0;0,0;10
10508;39;18,0;0,0;10
10509;28;45,6;0,0;3
10510;29;123,79;0,0;36
10510;75;7,75;0,1;36
10511;4;22,0;0,15;50
10511;7;30,0;0,15;50
10511;8;40,0;0,15;10
10512;24;4,5;0,15;10
10512;46;12,0;0,15;9
10512;47;9,5;0,15;6
10512;60;34,0;0,15;12
10513;21;10,0;0,2;40
10513;32;32,0;0,2;50
10513;61;28,5;0,2;15
10514;20;81,0;0,0;39
10514;28;45,6;0,0;35
10514;56;38,0;0,0;70
10514;65;21,05;0,0;39
10514;75;7,75;0,0;50
10515;9;97,0;0,15;16
10515;16;17,45;0,0;50
10515;27;43,9;0,0;120
10515;33;2,5;0,15;16
10515;60;34,0;0,15;84
10516;18;62,5;0,1;25
10516;41;9,65;0,1;80
10516;42;14,0;0,0;20
10517;52;7,0;0,0;6
10517;59;55,0;0,0;4
10517;70;15,0;0,0;6
10518;24;4,5;0,0;5
10518;38;263,5;0,0;15
10518;44;19,45;0,0;9
10519;10;31,0;0,05;16
10519;56;38,0;0,0;40
10519;60;34,0;0,05;10
10520;24;4,5;0,0;8
10520;53;32,8;0,0;5
10521;35;18,0;0,0;3
10521;41;9,65;0,0;10
10521;68;12,5;0,0;6
10522;1;18,0;0,2;40
10522;8;40,0;0,0;24
10522;30;25,89;0,2;20
10522;40;18,4;0,2;25
10523;17;39,0;0,1;25
10523;20;81,0;0,1;15
10523;37;26,0;0,1;18
10523;41;9,65;0,1;6
10524;10;31,0;0,0;2
10524;30;25,89;0,0;10
10524;43;46,0;0,0;60
10524;54;7,45;0,0;15
10525;36;19,0;0,0;30
10525;40;18,4;0,1;15
10526;1;18,0;0,15;8
10526;13;6,0;0,0;10
10526;56;38,0;0,15;30
10527;4;22,0;0,1;50
10527;36;19,0;0,1;30
10528;11;21,0;0,0;3
10528;33;2,5;0,2;8
10528;72;34,8;0,0;9
10529;55;24,0;0,0;14
10529;68;12,5;0,0;20
10529;69;36,0;0,0;10
10530;17;39,0;0,0;40
10530;43;46,0;0,0;25
10530;61;28,5;0,0;20
10530;76;18,0;0,0;50
10531;59;55,0;0,0;2
10532;30;25,89;0,0;15
10532;66;17,0;0,0;24
10533;4;22,0;0,05;50
10533;72;34,8;0,0;24
10533;73;15,0;0,05;24
10534;30;25,89;0,0;10
10534;40;18,4;0,2;10
10534;54;7,45;0,2;10
10535;11;21,0;0,1;50
10535;40;18,4;0,1;10
10535;57;19,5;0,1;5
10535;59;55,0;0,1;15
10536;12;38,0;0,25;15
10536;31;12,5;0,0;20
10536;33;2,5;0,0;30
10536;60;34,0;0,25;35
10537;31;12,5;0,0;30
10537;51;53,0;0,0;6
10537;58;13,25;0,0;20
10537;72;34,8;0,0;21
10537;73;15,0;0,0;9
10538;70;15,0;0,0;7
10538;72;34,8;0,0;1
10539;13;6,0;0,0;8
10539;21;10,0;0,0;15
10539;33;2,5;0,0;15
10539;49;20,0;0,0;6
10540;3;10,0;0,0;60
10540;26;31,23;0,0;40
10540;38;263,5;0,0;30
10540;68;12,5;0,0;35
10541;24;4,5;0,1;35
10541;38;263,5;0,1;4
10541;65;21,05;0,1;36
10541;71;21,5;0,1;9
10542;11;21,0;0,05;15
10542;54;7,45;0,05;24
10543;12;38,0;0,15;30
10543;23;9,0;0,15;70
10544;28;45,6;0,0;7
10544;67;14,0;0,0;7
10545;11;21,0;0,0;10
10546;7;30,0;0,0;10
10546;35;18,0;0,0;30
10546;62;49,3;0,0;40
10547;32;32,0;0,15;24
10547;36;19,0;0,0;60
10548;34;14,0;0,25;10
10548;41;9,65;0,0;14
10549;31;12,5;0,15;55
10549;45;9,5;0,15;100
10549;51;53,0;0,15;48
10550;17;39,0;0,1;8
10550;19;9,2;0,0;10
10550;21;10,0;0,1;6
10550;61;28,5;0,1;10
10551;16;17,45;0,15;40
10551;35;18,0;0,15;20
10551;44;19,45;0,0;40
10552;69;36,0;0,0;18
10552;75;7,75;0,0;30
10553;11;21,0;0,0;15
10553;16;17,45;0,0;14
10553;22;21,0;0,0;24
10553;31;12,5;0,0;30
10553;35;18,0;0,0;6
10554;16;17,45;0,05;30
10554;23;9,0;0,05;20
10554;62;49,3;0,05;20
10554;77;13,0;0,05;10
10555;14;23,25;0,2;30
10555;19;9,2;0,2;35
10555;24;4,5;0,2;18
10555;51;53,0;0,2;20
10555;56;38,0;0,2;40
10556;72;34,8;0,0;24
10557;64;33,25;0,0;30
10557;75;7,75;0,0;20
10558;47;9,5;0,0;25
10558;51;53,0;0,0;20
10558;52;7,0;0,0;30
10558;53;32,8;0,0;18
10558;73;15,0;0,0;3
10559;41;9,65;0,05;12
10559;55;24,0;0,05;18
10560;30;25,89;0,0;20
10560;62;49,3;0,25;15
10561;44;19,45;0,0;10
10561;51;53,0;0,0;50
10562;33;2,5;0,1;20
10562;62;49,3;0,1;10
10563;36;19,0;0,0;25
10563;52;7,0;0,0;70
10564;17;39,0;0,05;16
10564;31;12,5;0,05;6
10564;55;24,0;0,05;25
10565;24;4,5;0,1;25
10565;64;33,25;0,1;18
10566;11;21,0;0,15;35
10566;18;62,5;0,15;18
10566;76;18,0;0,0;10
10567;31;12,5;0,2;60
10567;51;53,0;0,0;3
10567;59;55,0;0,2;40
10568;10;31,0;0,0;5
10569;31;12,5;0,2;35
10569;76;18,0;0,0;30
10570;11;21,0;0,05;15
10570;56;38,0;0,05;60
10571;14;23,25;0,15;11
10571;42;14,0;0,15;28
10572;16;17,45;0,1;12
10572;32;32,0;0,1;10
10572;40;18,4;0,0;50
10572;75;7,75;0,1;15
10573;17;39,0;0,0;18
10573;34;14,0;0,0;40
10573;53;32,8;0,0;25
10574;33;2,5;0,0;14
10574;40;18,4;0,0;2
10574;62;49,3;0,0;10
10574;64;33,25;0,0;6
10575;59;55,0;0,0;12
10575;63;43,9;0,0;6
10575;72;34,8;0,0;30
10575;76;18,0;0,0;10
10576;1;18,0;0,0;10
10576;31;12,5;0,0;20
10576;44;19,45;0,0;21
10577;39;18,0;0,0;10
10577;75;7,75;0,0;20
10577;77;13,0;0,0;18
10578;35;18,0;0,0;20
10578;57;19,5;0,0;6
10579;15;15,5;0,0;10
10579;75;7,75;0,0;21
10580;14;23,25;0,05;15
10580;41;9,65;0,05;9
10580;65;21,05;0,05;30
10581;75;7,75;0,2;50
10582;57;19,5;0,0;4
10582;76;18,0;0,0;14
10583;29;123,79;0,0;10
10583;60;34,0;0,15;24
10583;69;36,0;0,15;10
10584;31;12,5;0,05;50
10585;47;9,5;0,0;15
10586;52;7,0;0,15;4
10587;26;31,23;0,0;6
10587;35;18,0;0,0;20
10587;77;13,0;0,0;20
10588;18;62,5;0,2;40
10588;42;14,0;0,2;100
10589;35;18,0;0,0;4
10590;1;18,0;0,0;20
10590;77;13,0;0,05;60
10591;3;10,0;0,0;14
10591;7;30,0;0,0;10
10591;54;7,45;0,0;50
10592;15;15,5;0,05;25
10592;26;31,23;0,05;5
10593;20;81,0;0,2;21
10593;69;36,0;0,2;20
10593;76;18,0;0,2;4
10594;52;7,0;0,0;24
10594;58;13,25;0,0;30
10595;35;18,0;0,25;30
10595;61;28,5;0,25;120
10595;69;36,0;0,25;65
10596;56;38,0;0,2;5
10596;63;43,9;0,2;24
10596;75;7,75;0,2;30
10597;24;4,5;0,2;35
10597;57;19,5;0,0;20
10597;65;21,05;0,2;12
10598;27;43,9;0,0;50
10598;71;21,5;0,0;9
10599;62;49,3;0,0;10
10600;54;7,45;0,0;4
10600;73;15,0;0,0;30
10601;13;6,0;0,0;60
10601;59;55,0;0,0;35
10602;77;13,0;0,25;5
10603;22;21,0;0,0;48
10603;49;20,0;0,05;25
10604;48;12,75;0,1;6
10604;76;18,0;0,1;10
10605;16;17,45;0,05;30
10605;59;55,0;0,05;20
10605;60;34,0;0,05;70
10605;71;21,5;0,05;15
10606;4;22,0;0,2;20
10606;55;24,0;0,2;20
10606;62;49,3;0,2;10
10607;7;30,0;0,0;45
10607;17;39,0;0,0;100
10607;33;2,5;0,0;14
10607;40;18,4;0,0;42
10607;72;34,8;0,0;12
10608;56;38,0;0,0;28
10609;1;18,0;0,0;3
10609;10;31,0;0,0;10
10609;21;10,0;0,0;6
10610;36;19,0;0,25;21
10611;1;18,0;0,0;6
10611;2;19,0;0,0;10
10611;60;34,0;0,0;15
10612;10;31,0;0,0;70
10612;36;19,0;0,0;55
10612;49;20,0;0,0;18
10612;60;34,0;0,0;40
10612;76;18,0;0,0;80
10613;13;6,0;0,1;8
10613;75;7,75;0,0;40
10614;11;21,0;0,0;14
10614;21;10,0;0,0;8
10614;39;18,0;0,0;5
10615;55;24,0;0,0;5
10616;38;263,5;0,05;15
10616;56;38,0;0,0;14
10616;70;15,0;0,05;15
10616;71;21,5;0,05;15
10617;59;55,0;0,15;30
10618;6;25,0;0,0;70
10618;56;38,0;0,0;20
10618;68;12,5;0,0;15
10619;21;10,0;0,0;42
10619;22;21,0;0,0;40
10620;24;4,5;0,0;5
10620;52;7,0;0,0;5
10621;19;9,2;0,0;5
10621;23;9,0;0,0;10
10621;70;15,0;0,0;20
10621;71;21,5;0,0;15
10622;2;19,0;0,0;20
10622;68;12,5;0,2;18
10623;14;23,25;0,0;21
10623;19;9,2;0,1;15
10623;21;10,0;0,1;25
10623;24;4,5;0,0;3
10623;35;18,0;0,1;30
10624;28;45,6;0,0;10
10624;29;123,79;0,0;6
10624;44;19,45;0,0;10
10625;14;23,25;0,0;3
10625;42;14,0;0,0;5
10625;60;34,0;0,0;10
10626;53;32,8;0,0;12
10626;60;34,0;0,0;20
10626;71;21,5;0,0;20
10627;62;49,3;0,0;15
10627;73;15,0;0,15;35
10628;1;18,0;0,0;25
10629;29;123,79;0,0;20
10629;64;33,25;0,0;9
10630;55;24,0;0,05;12
10630;76;18,0;0,0;35
10631;75;7,75;0,1;8
10632;2;19,0;0,05;30
10632;33;2,5;0,05;20
10633;12;38,0;0,15;36
10633;13;6,0;0,15;13
10633;26;31,23;0,15;35
10633;62;49,3;0,15;80
10634;7;30,0;0,0;35
10634;18;62,5;0,0;50
10634;51;53,0;0,0;15
10634;75;7,75;0,0;2
10635;4;22,0;0,1;10
10635;5;21,35;0,1;15
10635;22;21,0;0,0;40
10636;4;22,0;0,0;25
10636;58;13,25;0,0;6
10637;11;21,0;0,0;10
10637;50;16,25;0,05;25
10637;56;38,0;0,05;60
10638;45;9,5;0,0;20
10638;65;21,05;0,0;21
10638;72;34,8;0,0;60
10639;18;62,5;0,0;8
10640;69;36,0;0,25;20
10640;70;15,0;0,25;15
10641;2;19,0;0,0;50
10641;40;18,4;0,0;60
10642;21;10,0;0,2;30
10642;61;28,5;0,2;20
10643;28;45,6;0,25;15
10643;39;18,0;0,25;21
10643;46;12,0;0,25;2
10644;18;62,5;0,1;4
10644;43;46,0;0,0;20
10644;46;12,0;0,1;21
10645;18;62,5;0,0;20
10645;36;19,0;0,0;15
10646;1;18,0;0,25;15
10646;10;31,0;0,25;18
10646;71;21,5;0,25;30
10646;77;13,0;0,25;35
10647;19;9,2;0,0;30
10647;39;18,0;0,0;20
10648;22;21,0;0,0;15
10648;24;4,5;0,15;15
10649;28;45,6;0,0;20
10649;72;34,8;0,0;15
10650;30;25,89;0,0;30
10650;53;32,8;0,05;25
10650;54;7,45;0,0;30
10651;19;9,2;0,25;12
10651;22;21,0;0,25;20
10652;30;25,89;0,25;2
10652;42;14,0;0,0;20
10653;16;17,45;0,1;30
10653;60;34,0;0,1;20
10654;4;22,0;0,1;12
10654;39;18,0;0,1;20
10654;54;7,45;0,1;6
10655;41;9,65;0,2;20
10656;14;23,25;0,1;3
10656;44;19,45;0,1;28
10656;47;9,5;0,1;6
10657;15;15,5;0,0;50
10657;41;9,65;0,0;24
10657;46;12,0;0,0;45
10657;47;9,5;0,0;10
10657;56;38,0;0,0;45
10657;60;34,0;0,0;30
10658;21;10,0;0,0;60
10658;40;18,4;0,05;70
10658;60;34,0;0,05;55
10658;77;13,0;0,05;70
10659;31;12,5;0,05;20
10659;40;18,4;0,05;24
10659;70;15,0;0,05;40
10660;20;81,0;0,0;21
10661;39;18,0;0,2;3
10661;58;13,25;0,2;49
10662;68;12,5;0,0;10
10663;40;18,4;0,05;30
10663;42;14,0;0,05;30
10663;51;53,0;0,05;20
10664;10;31,0;0,15;24
10664;56;38,0;0,15;12
10664;65;21,05;0,15;15
10665;51;53,0;0,0;20
10665;59;55,0;0,0;1
10665;76;18,0;0,0;10
10666;29;123,79;0,0;36
10666;65;21,05;0,0;10
10667;69;36,0;0,2;45
10667;71;21,5;0,2;14
10668;31;12,5;0,1;8
10668;55;24,0;0,1;4
10668;64;33,25;0,1;15
10669;36;19,0;0,0;30
10670;23;9,0;0,0;32
10670;46;12,0;0,0;60
10670;67;14,0;0,0;25
10670;73;15,0;0,0;50
10670;75;7,75;0,0;25
10671;16;17,45;0,0;10
10671;62;49,3;0,0;10
10671;65;21,05;0,0;12
10672;38;263,5;0,1;15
10672;71;21,5;0,0;12
10673;16;17,45;0,0;3
10673;42;14,0;0,0;6
10673;43;46,0;0,0;6
10674;23;9,0;0,0;5
10675;14;23,25;0,0;30
10675;53;32,8;0,0;10
10675;58;13,25;0,0;30
10676;10;31,0;0,0;2
10676;19;9,2;0,0;7
10676;44;19,45;0,0;21
10677;26;31,23;0,15;30
10677;33;2,5;0,15;8
10678;12;38,0;0,0;100
10678;33;2,5;0,0;30
10678;41;9,65;0,0;120
10678;54;7,45;0,0;30
10679;59;55,0;0,0;12
10680;16;17,45;0,25;50
10680;31;12,5;0,25;20
10680;42;14,0;0,25;40
10681;19;9,2;0,1;30
10681;21;10,0;0,1;12
10681;64;33,25;0,0;28
10682;33;2,5;0,0;30
10682;66;17,0;0,0;4
10682;75;7,75;0,0;30
10683;52;7,0;0,0;9
10684;40;18,4;0,0;20
10684;47;9,5;0,0;40
10684;60;34,0;0,0;30
10685;10;31,0;0,0;20
10685;41;9,65;0,0;4
10685;47;9,5;0,0;15
10686;17;39,0;0,2;30
10686;26;31,23;0,0;15
10687;9;97,0;0,25;50
10687;29;123,79;0,0;10
10687;36;19,0;0,25;6
10688;10;31,0;0,1;18
10688;28;45,6;0,1;60
10688;34;14,0;0,0;14
10689;1;18,0;0,25;35
10690;56;38,0;0,25;20
10690;77;13,0;0,25;30
10691;1;18,0;0,0;30
10691;29;123,79;0,0;40
10691;43;46,0;0,0;40
10691;44;19,45;0,0;24
10691;62;49,3;0,0;48
10692;63;43,9;0,0;20
10693;9;97,0;0,0;6
10693;54;7,45;0,15;60
10693;69;36,0;0,15;30
10693;73;15,0;0,15;15
10694;7;30,0;0,0;90
10694;59;55,0;0,0;25
10694;70;15,0;0,0;50
10695;8;40,0;0,0;10
10695;12;38,0;0,0;4
10695;24;4,5;0,0;20
10696;17;39,0;0,0;20
10696;46;12,0;0,0;18
10697;19;9,2;0,25;7
10697;35;18,0;0,25;9
10697;58;13,25;0,25;30
10697;70;15,0;0,25;30
10698;11;21,0;0,0;15
10698;17;39,0;0,05;8
10698;29;123,79;0,05;12
10698;65;21,05;0,05;65
10698;70;15,0;0,05;8
10699;47;9,5;0,0;12
10700;1;18,0;0,2;5
10700;34;14,0;0,2;12
10700;68;12,5;0,2;40
10700;71;21,5;0,2;60
10701;59;55,0;0,15;42
10701;71;21,5;0,15;20
10701;76;18,0;0,15;35
10702;3;10,0;0,0;6
10702;76;18,0;0,0;15
10703;2;19,0;0,0;5
10703;59;55,0;0,0;35
10703;73;15,0;0,0;35
10704;4;22,0;0,0;6
10704;24;4,5;0,0;35
10704;48;12,75;0,0;24
10705;31;12,5;0,0;20
10705;32;32,0;0,0;4
10706;16;17,45;0,0;20
10706;43;46,0;0,0;24
10706;59;55,0;0,0;8
10707;55;24,0;0,0;21
10707;57;19,5;0,0;40
10707;70;15,0;0,15;28
10708;5;21,35;0,0;4
10708;36;19,0;0,0;5
10709;8;40,0;0,0;40
10709;51;53,0;0,0;28
10709;60;34,0;0,0;10
10710;19;9,2;0,0;5
10710;47;9,5;0,0;5
10711;19;9,2;0,0;12
10711;41;9,65;0,0;42
10711;53;32,8;0,0;120
10712;53;32,8;0,05;3
10712;56;38,0;0,0;30
10713;10;31,0;0,0;18
10713;26;31,23;0,0;30
10713;45;9,5;0,0;110
10713;46;12,0;0,0;24
10714;2;19,0;0,25;30
10714;17;39,0;0,25;27
10714;47;9,5;0,25;50
10714;56;38,0;0,25;18
10714;58;13,25;0,25;12
10715;10;31,0;0,0;21
10715;71;21,5;0,0;30
10716;21;10,0;0,0;5
10716;51;53,0;0,0;7
10716;61;28,5;0,0;10
10717;21;10,0;0,05;32
10717;54;7,45;0,0;15
10717;69;36,0;0,05;25
10718;12;38,0;0,0;36
10718;16;17,45;0,0;20
10718;36;19,0;0,0;40
10718;62;49,3;0,0;20
10719;18;62,5;0,25;12
10719;30;25,89;0,25;3
10719;54;7,45;0,25;40
10720;35;18,0;0,0;21
10720;71;21,5;0,0;8
10721;44;19,45;0,05;50
10722;2;19,0;0,0;3
10722;31;12,5;0,0;50
10722;68;12,5;0,0;45
10722;75;7,75;0,0;42
10723;26;31,23;0,0;15
10724;10;31,0;0,0;16
10724;61;28,5;0,0;5
10725;41;9,65;0,0;12
10725;52;7,0;0,0;4
10725;55;24,0;0,0;6
10726;4;22,0;0,0;25
10726;11;21,0;0,0;5
10727;17;39,0;0,05;20
10727;56;38,0;0,05;10
10727;59;55,0;0,05;10
10728;30;25,89;0,0;15
10728;40;18,4;0,0;6
10728;55;24,0;0,0;12
10728;60;34,0;0,0;15
10729;1;18,0;0,0;50
10729;21;10,0;0,0;30
10729;50;16,25;0,0;40
10730;16;17,45;0,05;15
10730;31;12,5;0,05;3
10730;65;21,05;0,05;10
10731;21;10,0;0,05;40
10731;51;53,0;0,05;30
10732;76;18,0;0,0;20
10733;14;23,25;0,0;16
10733;28;45,6;0,0;20
10733;52;7,0;0,0;25
10734;6;25,0;0,0;30
10734;30;25,89;0,0;15
10734;76;18,0;0,0;20
10735;61;28,5;0,1;20
10735;77;13,0;0,1;2
10736;65;21,05;0,0;40
10736;75;7,75;0,0;20
10737;13;6,0;0,0;4
10737;41;9,65;0,0;12
10738;16;17,45;0,0;3
10739;36;19,0;0,0;6
10739;52;7,0;0,0;18
10740;28;45,6;0,2;5
10740;35;18,0;0,2;35
10740;45;9,5;0,2;40
10740;56;38,0;0,2;14
10741;2;19,0;0,2;15
10742;3;10,0;0,0;20
10742;60;34,0;0,0;50
10742;72;34,8;0,0;35
10743;46;12,0;0,05;28
10744;40;18,4;0,2;50
10745;18;62,5;0,0;24
10745;44;19,45;0,0;16
10745;59;55,0;0,0;45
10745;72;34,8;0,0;7
10746;13;6,0;0,0;6
10746;42;14,0;0,0;28
10746;62;49,3;0,0;9
10746;69;36,0;0,0;40
10747;31;12,5;0,0;8
10747;41;9,65;0,0;35
10747;63;43,9;0,0;9
10747;69;36,0;0,0;30
10748;23;9,0;0,0;44
10748;40;18,4;0,0;40
10748;56;38,0;0,0;28
10749;56;38,0;0,0;15
10749;59;55,0;0,0;6
10749;76;18,0;0,0;10
10750;14;23,25;0,15;5
10750;45;9,5;0,15;40
10750;59;55,0;0,15;25
10751;26;31,23;0,1;12
10751;30;25,89;0,0;30
10751;50;16,25;0,1;20
10751;73;15,0;0,0;15
10752;1;18,0;0,0;8
10752;69;36,0;0,0;3
10753;45;9,5;0,0;4
10753;74;10,0;0,0;5
10754;40;18,4;0,0;3
10755;47;9,5;0,25;30
10755;56;38,0;0,25;30
10755;57;19,5;0,25;14
10755;69;36,0;0,25;25
10756;18;62,5;0,2;21
10756;36;19,0;0,2;20
10756;68;12,5;0,2;6
10756;69;36,0;0,2;20
10757;34;14,0;0,0;30
10757;59;55,0;0,0;7
10757;62;49,3;0,0;30
10757;64;33,25;0,0;24
10758;26;31,23;0,0;20
10758;52;7,0;0,0;60
10758;70;15,0;0,0;40
10759;32;32,0;0,0;10
10760;25;14,0;0,25;12
10760;27;43,9;0,0;40
10760;43;46,0;0,25;30
10761;25;14,0;0,25;35
10761;75;7,75;0,0;18
10762;39;18,0;0,0;16
10762;47;9,5;0,0;30
10762;51;53,0;0,0;28
10762;56;38,0;0,0;60
10763;21;10,0;0,0;40
10763;22;21,0;0,0;6
10763;24;4,5;0,0;20
10764;3;10,0;0,1;20
10764;39;18,0;0,1;130
10765;65;21,05;0,1;80
10766;2;19,0;0,0;40
10766;7;30,0;0,0;35
10766;68;12,5;0,0;40
10767;42;14,0;0,0;2
10768;22;21,0;0,0;4
10768;31;12,5;0,0;50
10768;60;34,0;0,0;15
10768;71;21,5;0,0;12
10769;41;9,65;0,05;30
10769;52;7,0;0,05;15
10769;61;28,5;0,0;20
10769;62;49,3;0,0;15
10770;11;21,0;0,25;15
10771;71;21,5;0,0;16
10772;29;123,79;0,0;18
10772;59;55,0;0,0;25
10773;17;39,0;0,0;33
10773;31;12,5;0,2;70
10773;75;7,75;0,2;7
10774;31;12,5;0,25;2
10774;66;17,0;0,0;50
10775;10;31,0;0,0;6
10775;67;14,0;0,0;3
10776;31;12,5;0,05;16
10776;42;14,0;0,05;12
10776;45;9,5;0,05;27
10776;51;53,0;0,05;120
10777;42;14,0;0,2;20
10778;41;9,65;0,0;10
10779;16;17,45;0,0;20
10779;62;49,3;0,0;20
10780;70;15,0;0,0;35
10780;77;13,0;0,0;15
10781;54;7,45;0,2;3
10781;56;38,0;0,2;20
10781;74;10,0;0,0;35
10782;31;12,5;0,0;1
10783;31;12,5;0,0;10
10783;38;263,5;0,0;5
10784;36;19,0;0,0;30
10784;39;18,0;0,15;2
10784;72;34,8;0,15;30
10785;10;31,0;0,0;10
10785;75;7,75;0,0;10
10786;8;40,0;0,2;30
10786;30;25,89;0,2;15
10786;75;7,75;0,2;42
10787;2;19,0;0,05;15
10787;29;123,79;0,05;20
10788;19;9,2;0,05;50
10788;75;7,75;0,05;40
10789;18;62,5;0,0;30
10789;35;18,0;0,0;15
10789;63;43,9;0,0;30
10789;68;12,5;0,0;18
10790;7;30,0;0,15;3
10790;56;38,0;0,15;20
10791;29;123,79;0,05;14
10791;41;9,65;0,05;20
10792;2;19,0;0,0;10
10792;54;7,45;0,0;3
10792;68;12,5;0,0;15
10793;41;9,65;0,0;14
10793;52;7,0;0,0;8
10794;14;23,25;0,2;15
10794;54;7,45;0,2;6
10795;16;17,45;0,0;65
10795;17;39,0;0,25;35
10796;26;31,23;0,2;21
10796;44;19,45;0,0;10
10796;64;33,25;0,2;35
10796;69;36,0;0,2;24
10797;11;21,0;0,0;20
10798;62;49,3;0,0;2
10798;72;34,8;0,0;10
10799;13;6,0;0,15;20
10799;24;4,5;0,15;20
10799;59;55,0;0,0;25
10800;11;21,0;0,1;50
10800;51;53,0;0,1;10
10800;54;7,45;0,1;7
10801;17;39,0;0,25;40
10801;29;123,79;0,25;20
10802;30;25,89;0,25;25
10802;51;53,0;0,25;30
10802;55;24,0;0,25;60
10802;62;49,3;0,25;5
10803;19;9,2;0,05;24
10803;25;14,0;0,05;15
10803;59;55,0;0,05;15
10804;10;31,0;0,0;36
10804;28;45,6;0,0;24
10804;49;20,0;0,15;4
10805;34;14,0;0,0;10
10805;38;263,5;0,0;10
10806;2;19,0;0,25;20
10806;65;21,05;0,0;2
10806;74;10,0;0,25;15
10807;40;18,4;0,0;1
10808;56;38,0;0,15;20
10808;76;18,0;0,15;50
10809;52;7,0;0,0;20
10810;13;6,0;0,0;7
10810;25;14,0;0,0;5
10810;70;15,0;0,0;5
10811;19;9,2;0,0;15
10811;23;9,0;0,0;18
10811;40;18,4;0,0;30
10812;31;12,5;0,1;16
10812;72;34,8;0,1;40
10812;77;13,0;0,0;20
10813;2;19,0;0,2;12
10813;46;12,0;0,0;35
10814;41;9,65;0,0;20
10814;43;46,0;0,15;20
10814;48;12,75;0,15;8
10814;61;28,5;0,15;30
10815;33;2,5;0,0;16
10816;38;263,5;0,05;30
10816;62;49,3;0,05;20
10817;26;31,23;0,15;40
10817;38;263,5;0,0;30
10817;40;18,4;0,15;60
10817;62;49,3;0,15;25
10818;32;32,0;0,0;20
10818;41;9,65;0,0;20
10819;43;46,0;0,0;7
10819;75;7,75;0,0;20
10820;56;38,0;0,0;30
10821;35;18,0;0,0;20
10821;51;53,0;0,0;6
10822;62;49,3;0,0;3
10822;70;15,0;0,0;6
10823;11;21,0;0,1;20
10823;57;19,5;0,0;15
10823;59;55,0;0,1;40
10823;77;13,0;0,1;15
10824;41;9,65;0,0;12
10824;70;15,0;0,0;9
10825;26;31,23;0,0;12
10825;53;32,8;0,0;20
10826;31;12,5;0,0;35
10826;57;19,5;0,0;15
10827;10;31,0;0,0;15
10827;39;18,0;0,0;21
10828;20;81,0;0,0;5
10828;38;263,5;0,0;2
10829;2;19,0;0,0;10
10829;8;40,0;0,0;20
10829;13;6,0;0,0;10
10829;60;34,0;0,0;21
10830;6;25,0;0,0;6
10830;39;18,0;0,0;28
10830;60;34,0;0,0;30
10830;68;12,5;0,0;24
10831;19;9,2;0,0;2
10831;35;18,0;0,0;8
10831;38;263,5;0,0;8
10831;43;46,0;0,0;9
10832;13;6,0;0,2;3
10832;25;14,0;0,2;10
10832;44;19,45;0,2;16
10832;64;33,25;0,0;3
10833;7;30,0;0,1;20
10833;31;12,5;0,1;9
10833;53;32,8;0,1;9
10834;29;123,79;0,05;8
10834;30;25,89;0,05;20
10835;59;55,0;0,0;15
10835;77;13,0;0,2;2
10836;22;21,0;0,0;52
10836;35;18,0;0,0;6
10836;57;19,5;0,0;24
10836;60;34,0;0,0;60
10836;64;33,25;0,0;30
10837;13;6,0;0,0;6
10837;40;18,4;0,0;25
10837;47;9,5;0,25;40
10837;76;18,0;0,25;21
10838;1;18,0;0,25;4
10838;18;62,5;0,25;25
10838;36;19,0;0,25;50
10839;58;13,25;0,1;30
10839;72;34,8;0,1;15
10840;25;14,0;0,2;6
10840;39;18,0;0,2;10
10841;10;31,0;0,0;16
10841;56;38,0;0,0;30
10841;59;55,0;0,0;50
10841;77;13,0;0,0;15
10842;11;21,0;0,0;15
10842;43;46,0;0,0;5
10842;68;12,5;0,0;20
10842;70;15,0;0,0;12
10843;51;53,0;0,25;4
10844;22;21,0;0,0;35
10845;23;9,0;0,1;70
10845;35;18,0;0,1;25
10845;42;14,0;0,1;42
10845;58;13,25;0,1;60
10845;64;33,25;0,0;48
10846;4;22,0;0,0;21
10846;70;15,0;0,0;30
10846;74;10,0;0,0;20
10847;1;18,0;0,2;80
10847;19;9,2;0,2;12
10847;37;26,0;0,2;60
10847;45;9,5;0,2;36
10847;60;34,0;0,2;45
10847;71;21,5;0,2;55
10848;5;21,35;0,0;30
10848;9;97,0;0,0;3
10849;3;10,0;0,0;49
10849;26;31,23;0,15;18
10850;25;14,0;0,15;20
10850;33;2,5;0,15;4
10850;70;15,0;0,15;30
10851;2;19,0;0,05;5
10851;25;14,0;0,05;10
10851;57;19,5;0,05;10
10851;59;55,0;0,05;42
10852;2;19,0;0,0;15
10852;17;39,0;0,0;6
10852;62;49,3;0,0;50
10853;18;62,5;0,0;10
10854;10;31,0;0,15;100
10854;13;6,0;0,15;65
10855;16;17,45;0,0;50
10855;31;12,5;0,0;14
10855;56;38,0;0,0;24
10855;65;21,05;0,15;15
10856;2;19,0;0,0;20
10856;42;14,0;0,0;20
10857;3;10,0;0,0;30
10857;26;31,23;0,25;35
10857;29;123,79;0,25;10
10858;7;30,0;0,0;5
10858;27;43,9;0,0;10
10858;70;15,0;0,0;4
10859;24;4,5;0,25;40
10859;54;7,45;0,25;35
10859;64;33,25;0,25;30
10860;51;53,0;0,0;3
10860;76;18,0;0,0;20
10861;17;39,0;0,0;42
10861;18;62,5;0,0;20
10861;21;10,0;0,0;40
10861;33;2,5;0,0;35
10861;62;49,3;0,0;3
10862;11;21,0;0,0;25
10862;52;7,0;0,0;8
10863;1;18,0;0,15;20
10863;58;13,25;0,15;12
10864;35;18,0;0,0;4
10864;67;14,0;0,0;15
10865;38;263,5;0,05;60
10865;39;18,0;0,05;80
10866;2;19,0;0,25;21
10866;24;4,5;0,25;6
10866;30;25,89;0,25;40
10867;53;32,8;0,0;3
10868;26;31,23;0,0;20
10868;35;18,0;0,0;30
10868;49;20,0;0,1;42
10869;1;18,0;0,0;40
10869;11;21,0;0,0;10
10869;23;9,0;0,0;50
10869;68;12,5;0,0;20
10870;35;18,0;0,0;3
10870;51;53,0;0,0;2
10871;6;25,0;0,05;50
10871;16;17,45;0,05;12
10871;17;39,0;0,05;16
10872;55;24,0;0,05;10
10872;62;49,3;0,05;20
10872;64;33,25;0,05;15
10872;65;21,05;0,05;21
10873;21;10,0;0,0;20
10873;28;45,6;0,0;3
10874;10;31,0;0,0;10
10875;19;9,2;0,0;25
10875;47;9,5;0,1;21
10875;49;20,0;0,0;15
10876;46;12,0;0,0;21
10876;64;33,25;0,0;20
10877;16;17,45;0,25;30
10877;18;62,5;0,0;25
10878;20;81,0;0,05;20
10879;40;18,4;0,0;12
10879;65;21,05;0,0;10
10879;76;18,0;0,0;10
10880;23;9,0;0,2;30
10880;61;28,5;0,2;30
10880;70;15,0;0,2;50
10881;73;15,0;0,0;10
10882;42;14,0;0,0;25
10882;49;20,0;0,15;20
10882;54;7,45;0,15;32
10883;24;4,5;0,0;8
10884;21;10,0;0,05;40
10884;56;38,0;0,05;21
10884;65;21,05;0,05;12
10885;2;19,0;0,0;20
10885;24;4,5;0,0;12
10885;70;15,0;0,0;30
10885;77;13,0;0,0;25
10886;10;31,0;0,0;70
10886;31;12,5;0,0;35
10886;77;13,0;0,0;40
10887;25;14,0;0,0;5
10888;2;19,0;0,0;20
10888;68;12,5;0,0;18
10889;11;21,0;0,0;40
10889;38;263,5;0,0;40
10890;17;39,0;0,0;15
10890;34;14,0;0,0;10
10890;41;9,65;0,0;14
10891;30;25,89;0,05;15
10892;59;55,0;0,05;40
10893;8;40,0;0,0;30
10893;24;4,5;0,0;10
10893;29;123,79;0,0;24
10893;30;25,89;0,0;35
10893;36;19,0;0,0;20
10894;13;6,0;0,05;28
10894;69;36,0;0,05;50
10894;75;7,75;0,05;120
10895;24;4,5;0,0;110
10895;39;18,0;0,0;45
10895;40;18,4;0,0;91
10895;60;34,0;0,0;100
10896;45;9,5;0,0;15
10896;56;38,0;0,0;16
10897;29;123,79;0,0;80
10897;30;25,89;0,0;36
10898;13;6,0;0,0;5
10899;39;18,0;0,15;8
10900;70;15,0;0,25;3
10901;41;9,65;0,0;30
10901;71;21,5;0,0;30
10902;55;24,0;0,15;30
10902;62;49,3;0,15;6
10903;13;6,0;0,0;40
10903;65;21,05;0,0;21
10903;68;12,5;0,0;20
10904;58;13,25;0,0;15
10904;62;49,3;0,0;35
10905;1;18,0;0,05;20
10906;61;28,5;0,0;15
10907;75;7,75;0,0;14
10908;7;30,0;0,05;20
10908;52;7,0;0,05;14
10909;7;30,0;0,0;12
10909;16;17,45;0,0;15
10909;41;9,65;0,0;5
10910;19;9,2;0,0;12
10910;49;20,0;0,0;10
10910;61;28,5;0,0;5
10911;1;18,0;0,0;10
10911;17;39,0;0,0;12
10911;67;14,0;0,0;15
10912;11;21,0;0,25;40
10912;29;123,79;0,25;60
10913;4;22,0;0,25;30
10913;33;2,5;0,25;40
10913;58;13,25;0,0;15
10914;71;21,5;0,0;25
10915;17;39,0;0,0;10
10915;33;2,5;0,0;30
10915;54;7,45;0,0;10
10916;16;17,45;0,0;6
10916;32;32,0;0,0;6
10916;57;19,5;0,0;20
10917;30;25,89;0,0;1
10917;60;34,0;0,0;10
10918;1;18,0;0,25;60
10918;60;34,0;0,25;25
10919;16;17,45;0,0;24
10919;25;14,0;0,0;24
10919;40;18,4;0,0;20
10920;50;16,25;0,0;24
10921;35;18,0;0,0;10
10921;63;43,9;0,0;40
10922;17;39,0;0,0;15
10922;24;4,5;0,0;35
10923;42;14,0;0,2;10
10923;43;46,0;0,2;10
10923;67;14,0;0,2;24
10924;10;31,0;0,1;20
10924;28;45,6;0,1;30
10924;75;7,75;0,0;6
10925;36;19,0;0,15;25
10925;52;7,0;0,15;12
10926;11;21,0;0,0;2
10926;13;6,0;0,0;10
10926;19;9,2;0,0;7
10926;72;34,8;0,0;10
10927;20;81,0;0,0;5
10927;52;7,0;0,0;5
10927;76;18,0;0,0;20
10928;47;9,5;0,0;5
10928;76;18,0;0,0;5
10929;21;10,0;0,0;60
10929;75;7,75;0,0;49
10929;77;13,0;0,0;15
10930;21;10,0;0,0;36
10930;27;43,9;0,0;25
10930;55;24,0;0,2;25
10930;58;13,25;0,2;30
10931;13;6,0;0,15;42
10931;57;19,5;0,0;30
10932;16;17,45;0,1;30
10932;62;49,3;0,1;14
10932;72;34,8;0,0;16
10932;75;7,75;0,1;20
10933;53;32,8;0,0;2
10933;61;28,5;0,0;30
10934;6;25,0;0,0;20
10935;1;18,0;0,0;21
10935;18;62,5;0,25;4
10935;23;9,0;0,25;8
10936;36;19,0;0,2;30
10937;28;45,6;0,0;8
10937;34;14,0;0,0;20
10938;13;6,0;0,25;20
10938;43;46,0;0,25;24
10938;60;34,0;0,25;49
10938;71;21,5;0,25;35
10939;2;19,0;0,15;10
10939;67;14,0;0,15;40
10940;7;30,0;0,0;8
10940;13;6,0;0,0;20
10941;31;12,5;0,25;44
10941;62;49,3;0,25;30
10941;68;12,5;0,25;80
10941;72;34,8;0,0;50
10942;49;20,0;0,0;28
10943;13;6,0;0,0;15
10943;22;21,0;0,0;21
10943;46;12,0;0,0;15
10944;11;21,0;0,25;5
10944;44;19,45;0,25;18
10944;56;38,0;0,0;18
10945;13;6,0;0,0;20
10945;31;12,5;0,0;10
10946;10;31,0;0,0;25
10946;24;4,5;0,0;25
10946;77;13,0;0,0;40
10947;59;55,0;0,0;4
10948;50;16,25;0,0;9
10948;51;53,0;0,0;40
10948;55;24,0;0,0;4
10949;6;25,0;0,0;12
10949;10;31,0;0,0;30
10949;17;39,0;0,0;6
10949;62;49,3;0,0;60
10950;4;22,0;0,0;5
10951;33;2,5;0,05;15
10951;41;9,65;0,05;6
10951;75;7,75;0,05;50
10952;6;25,0;0,05;16
10952;28;45,6;0,0;2
10953;20;81,0;0,05;50
10953;31;12,5;0,05;50
10954;16;17,45;0,15;28
10954;31;12,5;0,15;25
10954;45;9,5;0,0;30
10954;60;34,0;0,15;24
10955;75;7,75;0,2;12
10956;21;10,0;0,0;12
10956;47;9,5;0,0;14
10956;51;53,0;0,0;8
10957;30;25,89;0,0;30
10957;35;18,0;0,0;40
10957;64;33,25;0,0;8
10958;5;21,35;0,0;20
10958;7;30,0;0,0;6
10958;72;34,8;0,0;5
10959;75;7,75;0,15;20
10960;24;4,5;0,25;10
10960;41;9,65;0,0;24
10961;52;7,0;0,05;6
10961;76;18,0;0,0;60
10962;7;30,0;0,0;45
10962;13;6,0;0,0;77
10962;53;32,8;0,0;20
10962;69;36,0;0,0;9
10962;76;18,0;0,0;44
10963;60;34,0;0,15;2
10964;18;62,5;0,0;6
10964;38;263,5;0,0;5
10964;69;36,0;0,0;10
10965;51;53,0;0,0;16
10966;37;26,0;0,0;8
10966;56;38,0;0,15;12
10966;62;49,3;0,15;12
10967;19;9,2;0,0;12
10967;49;20,0;0,0;40
10968;12;38,0;0,0;30
10968;24;4,5;0,0;30
10968;64;33,25;0,0;4
10969;46;12,0;0,0;9
10970;52;7,0;0,2;40
10971;29;123,79;0,0;14
10972;17;39,0;0,0;6
10972;33;2,5;0,0;7
10973;26;31,23;0,0;5
10973;41;9,65;0,0;6
10973;75;7,75;0,0;10
10974;63;43,9;0,0;10
10975;8;40,0;0,0;16
10975;75;7,75;0,0;10
10976;28;45,6;0,0;20
10977;39;18,0;0,0;30
10977;47;9,5;0,0;30
10977;51;53,0;0,0;10
10977;63;43,9;0,0;20
10978;8;40,0;0,15;20
10978;21;10,0;0,15;40
10978;40;18,4;0,0;10
10978;44;19,45;0,15;6
10979;7;30,0;0,0;18
10979;12;38,0;0,0;20
10979;24;4,5;0,0;80
10979;27;43,9;0,0;30
10979;31;12,5;0,0;24
10979;63;43,9;0,0;35
10980;75;7,75;0,2;40
10981;38;263,5;0,0;60
10982;7;30,0;0,0;20
10982;43;46,0;0,0;9
10983;13;6,0;0,15;84
10983;57;19,5;0,0;15
10984;16;17,45;0,0;55
10984;24;4,5;0,0;20
10984;36;19,0;0,0;40
10985;16;17,45;0,1;36
10985;18;62,5;0,1;8
10985;32;32,0;0,1;35
10986;11;21,0;0,0;30
10986;20;81,0;0,0;15
10986;76;18,0;0,0;10
10986;77;13,0;0,0;15
10987;7;30,0;0,0;60
10987;43;46,0;0,0;6
10987;72;34,8;0,0;20
10988;7;30,0;0,0;60
10988;62;49,3;0,1;40
10989;6;25,0;0,0;40
10989;11;21,0;0,0;15
10989;41;9,65;0,0;4
10990;21;10,0;0,0;65
10990;34;14,0;0,15;60
10990;55;24,0;0,15;65
10990;61;28,5;0,15;66
10991;2;19,0;0,2;50
10991;70;15,0;0,2;20
10991;76;18,0;0,2;90
10992;72;34,8;0,0;2
10993;29;123,79;0,25;50
10993;41;9,65;0,25;35
10994;59;55,0;0,05;18
10995;51;53,0;0,0;20
10995;60;34,0;0,0;4
10996;42;14,0;0,0;40
10997;32;32,0;0,0;50
10997;46;12,0;0,25;20
10997;52;7,0;0,25;20
10998;24;4,5;0,0;12
10998;61;28,5;0,0;7
10998;74;10,0;0,0;20
10998;75;7,75;0,0;30
10999;41;9,65;0,05;20
10999;51;53,0;0,05;15
10999;77;13,0;0,05;21
11000;4;22,0;0,25;25
11000;24;4,5;0,25;30
11000;77;13,0;0,0;30
11001;7;30,0;0,0;60
11001;22;21,0;0,0;25
11001;46;12,0;0,0;25
11001;55;24,0;0,0;6
11002;13;6,0;0,0;56
11002;35;18,0;0,15;15
11002;42;14,0;0,15;24
11002;55;24,0;0,0;40
11003;1;18,0;0,0;4
11003;40;18,4;0,0;10
11003;52;7,0;0,0;10
11004;26;31,23;0,0;6
11004;76;18,0;0,0;6
11005;1;18,0;0,0;2
11005;59;55,0;0,0;10
11006;1;18,0;0,0;8
11006;29;123,79;0,25;2
11007;8;40,0;0,0;30
11007;29;123,79;0,0;10
11007;42;14,0;0,0;14
11008;28;45,6;0,05;70
11008;34;14,0;0,05;90
11008;71;21,5;0,0;21
11009;24;4,5;0,0;12
11009;36;19,0;0,25;18
11009;60;34,0;0,0;9
11010;7;30,0;0,0;20
11010;24;4,5;0,0;10
11011;58;13,25;0,05;40
11011;71;21,5;0,0;20
11012;19;9,2;0,05;50
11012;60;34,0;0,05;36
11012;71;21,5;0,05;60
11013;23;9,0;0,0;10
11013;42;14,0;0,0;4
11013;45;9,5;0,0;20
11013;68;12,5;0,0;2
11014;41;9,65;0,1;28
11015;30;25,89;0,0;15
11015;77;13,0;0,0;18
11016;31;12,5;0,0;15
11016;36;19,0;0,0;16
11017;3;10,0;0,0;25
11017;59;55,0;0,0;110
11017;70;15,0;0,0;30
11018;12;38,0;0,0;20
11018;18;62,5;0,0;10
11018;56;38,0;0,0;5
11019;46;12,0;0,0;3
11019;49;20,0;0,0;2
11020;10;31,0;0,15;24
11021;2;19,0;0,25;11
11021;20;81,0;0,0;15
11021;26;31,23;0,0;63
11021;51;53,0;0,25;44
11021;72;34,8;0,0;35
11022;19;9,2;0,0;35
11022;69;36,0;0,0;30
11023;7;30,0;0,0;4
11023;43;46,0;0,0;30
11024;26;31,23;0,0;12
11024;33;2,5;0,0;30
11024;65;21,05;0,0;21
11024;71;21,5;0,0;50
11025;1;18,0;0,1;10
11025;13;6,0;0,1;20
11026;18;62,5;0,0;8
11026;51;53,0;0,0;10
11027;24;4,5;0,25;30
11027;62;49,3;0,25;21
11028;55;24,0;0,0;35
11028;59;55,0;0,0;24
11029;56;38,0;0,0;20
11029;63;43,9;0,0;12
11030;2;19,0;0,25;100
11030;5;21,35;0,0;70
11030;29;123,79;0,25;60
11030;59;55,0;0,25;100
11031;1;18,0;0,0;45
11031;13;6,0;0,0;80
11031;24;4,5;0,0;21
11031;64;33,25;0,0;20
11031;71;21,5;0,0;16
11032;36;19,0;0,0;35
11032;38;263,5;0,0;25
11032;59;55,0;0,0;30
11033;53;32,8;0,1;70
11033;69;36,0;0,1;36
11034;21;10,0;0,1;15
11034;44;19,45;0,0;12
11034;61;28,5;0,0;6
11035;1;18,0;0,0;10
11035;35;18,0;0,0;60
11035;42;14,0;0,0;30
11035;54;7,45;0,0;10
11036;13;6,0;0,0;7
11036;59;55,0;0,0;30
11037;70;15,0;0,0;4
11038;40;18,4;0,2;5
11038;52;7,0;0,0;2
11038;71;21,5;0,0;30
11039;28;45,6;0,0;20
11039;35;18,0;0,0;24
11039;49;20,0;0,0;60
11039;57;19,5;0,0;28
11040;21;10,0;0,0;20
11041;2;19,0;0,2;30
11041;63;43,9;0,0;30
11042;44;19,45;0,0;15
11042;61;28,5;0,0;4
11043;11;21,0;0,0;10
11044;62;49,3;0,0;12
11045;33;2,5;0,0;15
11045;51;53,0;0,0;24
11046;12;38,0;0,05;20
11046;32;32,0;0,05;15
11046;35;18,0;0,05;18
11047;1;18,0;0,25;25
11047;5;21,35;0,25;30
11048;68;12,5;0,0;42
11049;2;19,0;0,2;10
11049;12;38,0;0,2;4
11050;76;18,0;0,1;50
11051;24;4,5;0,2;10
11052;43;46,0;0,2;30
11052;61;28,5;0,2;10
11053;18;62,5;0,2;35
11053;32;32,0;0,0;20
11053;64;33,25;0,2;25
11054;33;2,5;0,0;10
11054;67;14,0;0,0;20
11055;24;4,5;0,0;15
11055;25;14,0;0,0;15
11055;51;53,0;0,0;20
11055;57;19,5;0,0;20
11056;7;30,0;0,0;40
11056;55;24,0;0,0;35
11056;60;34,0;0,0;50
11057;70;15,0;0,0;3
11058;21;10,0;0,0;3
11058;60;34,0;0,0;21
11058;61;28,5;0,0;4
11059;13;6,0;0,0;30
11059;17;39,0;0,0;12
11059;60;34,0;0,0;35
11060;60;34,0;0,0;4
11060;77;13,0;0,0;10
11061;60;34,0;0,0;15
11062;53;32,8;0,2;10
11062;70;15,0;0,2;12
11063;34;14,0;0,0;30
11063;40;18,4;0,1;40
11063;41;9,65;0,1;30
11064;17;39,0;0,1;77
11064;41;9,65;0,0;12
11064;53;32,8;0,1;25
11064;55;24,0;0,1;4
11064;68;12,5;0,0;55
11065;30;25,89;0,25;4
11065;54;7,45;0,25;20
11066;16;17,45;0,0;3
11066;19;9,2;0,0;42
11066;34;14,0;0,0;35
11067;41;9,65;0,0;9
11068;28;45,6;0,15;8
11068;43;46,0;0,15;36
11068;77;13,0;0,15;28
11069;39;18,0;0,0;20
11070;1;18,0;0,15;40
11070;2;19,0;0,15;20
11070;16;17,45;0,15;30
11070;31;12,5;0,0;20
11071;7;30,0;0,05;15
11071;13;6,0;0,05;10
11072;2;19,0;0,0;8
11072;41;9,65;0,0;40
11072;50;16,25;0,0;22
11072;64;33,25;0,0;130
11073;11;21,0;0,0;10
11073;24;4,5;0,0;20
11074;16;17,45;0,05;14
11075;2;19,0;0,15;10
11075;46;12,0;0,15;30
11075;76;18,0;0,15;2
11076;6;25,0;0,25;20
11076;14;23,25;0,25;20
11076;19;9,2;0,25;10
11077;2;19,0;0,2;24
11077;3;10,0;0,0;4
11077;4;22,0;0,0;1
11077;6;25,0;0,02;1
11077;7;30,0;0,05;1
11077;8;40,0;0,1;2
11077;10;31,0;0,0;1
11077;12;38,0;0,05;2
11077;13;6,0;0,0;4
11077;14;23,25;0,03;1
11077;16;17,45;0,03;2
11077;20;81,0;0,04;1
11077;23;9,0;0,0;2
11077;32;32,0;0,0;1
11077;39;18,0;0,05;2
11077;41;9,65;0,0;3
11077;46;12,0;0,02;3
11077;52;7,0;0,0;2
11077;55;24,0;0,0;2
11077;60;34,0;0,06;2
11077;64;33,25;0,03;2
11077;66;17,0;0,0;1
11077;73;15,0;0,01;2
11077;75;7,75;0,0;4
11077;77;13,0;0,0;2
11078;1;18,0;0,05;1
11078;2;19,0;0,03;1
